LexicalReordering0= 0.0398728
LexicalReordering0= 0.0725125
LexicalReordering0= 0.0730487
LexicalReordering0= 0.0742092
LexicalReordering0= 0.0585379
LexicalReordering0= 0.140011
Distortion0= 0.0155163
LM0= 0.0768235
WordPenalty0= -0.261324
PhrasePenalty0= 0.052214
TranslationModel0= 0.0254147
TranslationModel0= 0.00571352
TranslationModel0= 0.0672206
TranslationModel0= 0.0375805
