LexicalReordering0= 0.050833
LexicalReordering0= 0.00890413
LexicalReordering0= 0.0833356
LexicalReordering0= 0.0533329
LexicalReordering0= 0.0744349
LexicalReordering0= 0.109844
Distortion0= 0.0289669
LM0= 0.112713
WordPenalty0= -0.262435
PhrasePenalty0= 0.0384892
TranslationModel0= 0.0202146
TranslationModel0= 0.0413681
TranslationModel0= 0.0823304
TranslationModel0= 0.0327983
