LexicalReordering0= 0.0404103
LexicalReordering0= 0.0600101
LexicalReordering0= 0.0740334
LexicalReordering0= 0.0752096
LexicalReordering0= 0.0593271
LexicalReordering0= 0.141899
Distortion0= 0.0157255
LM0= 0.0778591
WordPenalty0= -0.264847
PhrasePenalty0= 0.0529179
TranslationModel0= 0.0257573
TranslationModel0= 0.00579054
TranslationModel0= 0.0681268
TranslationModel0= 0.0380871
