LexicalReordering0= 0.0401341
LexicalReordering0= 0.0664335
LexicalReordering0= 0.0735274
LexicalReordering0= 0.0746956
LexicalReordering0= 0.0589216
LexicalReordering0= 0.140929
Distortion0= 0.015618
LM0= 0.077327
WordPenalty0= -0.263037
PhrasePenalty0= 0.0525562
TranslationModel0= 0.0255813
TranslationModel0= 0.00575097
TranslationModel0= 0.0676612
TranslationModel0= 0.0378268
