LexicalReordering0= 0.0414564
LexicalReordering0= 0.0724702
LexicalReordering0= 0.0773338
LexicalReordering0= 0.0741659
LexicalReordering0= 0.0531531
LexicalReordering0= 0.13993
Distortion0= 0.0155072
LM0= 0.0767787
WordPenalty0= -0.261172
PhrasePenalty0= 0.0521835
TranslationModel0= 0.0253999
TranslationModel0= 0.00571019
TranslationModel0= 0.0671814
TranslationModel0= 0.0375586
