LexicalReordering0= 0.0508413
LexicalReordering0= 0.00890558
LexicalReordering0= 0.0833492
LexicalReordering0= 0.0531782
LexicalReordering0= 0.074447
LexicalReordering0= 0.109862
Distortion0= 0.0289716
LM0= 0.112731
WordPenalty0= -0.262478
PhrasePenalty0= 0.0384955
TranslationModel0= 0.0202179
TranslationModel0= 0.0413748
TranslationModel0= 0.0823438
TranslationModel0= 0.0328036
