LexicalReordering0= 0.0846246
LexicalReordering0= -0.0178904
LexicalReordering0= 0.0351681
LexicalReordering0= 0.0911015
LexicalReordering0= 0.0978549
LexicalReordering0= 0.127901
Distortion0= 0.0441475
LM0= 0.0953533
WordPenalty0= -0.164513
PhrasePenalty0= 0.106904
TranslationModel0= 0.0050581
TranslationModel0= 0.0511577
TranslationModel0= 0.0594722
TranslationModel0= 0.018854
