LexicalReordering0= 0.0644835
LexicalReordering0= 0.0192769
LexicalReordering0= 0.00698263
LexicalReordering0= 0.0115578
LexicalReordering0= 0.0451702
LexicalReordering0= 0.0342839
Distortion0= 0.0582325
LM0= 0.106722
WordPenalty0= -0.387698
PhrasePenalty0= 0.084995
TranslationModel0= 0.00168873
TranslationModel0= 0.0330973
TranslationModel0= 0.0722993
TranslationModel0= 0.0735117
