LexicalReordering0= 0.0128214
LexicalReordering0= 0.0633822
LexicalReordering0= 0.0839181
LexicalReordering0= 0.0522759
LexicalReordering0= 0.0210226
LexicalReordering0= 0.133235
Distortion0= 0.00852376
LM0= 0.0703672
WordPenalty0= -0.297892
PhrasePenalty0= 0.0785871
TranslationModel0= 0.0226036
TranslationModel0= 0.00844559
TranslationModel0= 0.0909615
TranslationModel0= 0.0559639
