LexicalReordering0= 0.0404576
LexicalReordering0= 0.0600804
LexicalReordering0= 0.0741201
LexicalReordering0= 0.0752977
LexicalReordering0= 0.0593966
LexicalReordering0= 0.142065
Distortion0= 0.0174623
LM0= 0.0779503
WordPenalty0= -0.265157
PhrasePenalty0= 0.0494012
TranslationModel0= 0.0257875
TranslationModel0= 0.0064862
TranslationModel0= 0.0682066
TranslationModel0= 0.0381317
